Data of center point : 
x  y
84 374
0 0
0 0
0 0
0 0
0 0
96 361
0 0
0 0
0 0
0 0
0 0
0 0
89 367
0 0
0 0
0 0
93 364
221 230
0 0
0 0
0 0
220 232
0 0
82 376
0 0
216 236
82 375
0 0
95 362
92 365
83 375
0 0
0 0
0 0
0 0
0 0
0 0
0 0
0 0
0 0
0 0
0 0
201 204
0 0
0 0
0 0
0 0
218 228
0 0
0 0
0 0
87 369
0 0
192 214
0 0
0 0
0 0
218 229
0 0
0 0
0 0
0 0
0 0
0 0
0 0
0 0
86 371
0 0
83 373
0 0
0 0
225 235
0 0
0 0
0 0
84 373
191 214
102 357
0 0
0 0
0 0
0 0
0 0
0 0
307 215
306 216
308 211
307 217
306 217
0 0
309 213
308 211
308 217
307 213
313 217
312 223
319 226
317 220
317 216
320 225
320 228
324 235
325 232
0 0
324 227
329 222
330 222
329 225
329 218
326 221
334 222
339 215
343 216
345 209
0 0
351 211
344 214
345 219
340 219
339 225
336 227
335 218
335 212
338 214
336 222
328 228
322 236
322 236
323 232
327 235
327 231
312 222
304 209
291 216
291 211
0 0
292 206
300 196
310 208
319 211
324 221
328 221
316 232
319 235
314 232
311 241
315 238
310 243
317 245
312 236
312 237
315 235
315 236
312 233
305 223
310 228
305 229
0 0
269 214
252 213
243 208
0 0
187 221
191 230
197 231
185 222
184 216
201 223
203 235
216 239
235 237
250 232
263 239
276 238
288 240
124 137
295 244
296 241
0 0
290 249
284 253
0 0
251 235
241 223
231 227
238 234
158 185
277 251
109 148
174 186
0 0
209 230
268 272
219 235
235 259
0 0
0 0
322 305
103 177
129 200
258 263
193 243
94 204
75 190
148 224
146 207
213 233
0 0
333 278
0 0
0 0
291 227
303 238
310 243
315 240
317 247
315 248
308 247
304 253
290 252
286 264
284 259
283 261
285 254
292 255
284 256
0 0
0 0
53 108
0 0
0 0
0 0
114 225
0 0
227 291
0 0
31 139
16 117
45 121
144 192
15 150
0 0
0 0
25 138
29 138
247 264
148 193
162 196
55 137
187 224
139 198
0 0
246 245
221 215
223 209
145 168
0 0
231 225
258 235
256 234
238 215
239 213
239 217
247 211
245 195
258 199
278 224
284 228
0 0
287 240
0 0
0 0
272 246
0 0
257 243
252 247
224 238
217 228
0 0
0 0
269 249
294 262
288 251
283 245
263 226
254 233
267 251
252 242
241 236
234 232
238 237
239 231
257 219
263 221
292 247
310 253
310 240
313 247
304 234
294 223
305 228
314 240
319 252
315 242
323 260
308 248
297 238
285 228
277 205
292 226
303 230
0 0
335 247
335 248
376 269
420 297
0 0
421 288
528 366
0 0
342 216
0 0
0 0
0 0
0 0
0 0
0 0
0 0
0 0
0 0
0 0
0 0
0 0
0 0
357 327
0 0
0 0
0 0
0 0
461 228
0 0
284 421
0 0
0 0
0 0
0 0
371 242
0 0
0 0
0 0
347 279
378 250
0 0
0 0
385 222
389 222
0 0
411 229
404 227
405 226
395 223
0 0
377 220
375 218
374 219
377 224
374 231
333 264
290 263
233 248
0 0
0 0
242 215
0 0
0 0
0 0
0 0
0 0
0 0
0 0
0 0
142 252
0 0
1 190
52 202
79 217
120 224
0 0
0 0
0 0
37 178
0 0
145 214
0 0
0 0
280 263
164 211
110 191
123 208
177 234
0 0
131 217
102 212
182 262
198 268
0 0
0 0
41 200
0 0
355 370
0 0
0 0
0 0
0 0
0 0
0 0
0 0
0 0
0 0
0 0
0 0
115 293
0 0
0 0
0 0
0 0
0 0
0 0
0 0
22 113
75 152
65 156
34 131
0 0
56 140
36 117
124 189
153 213
135 199
230 260
231 259
227 243
183 232
171 213
186 224
44 113
103 143
196 203
310 274
224 203
262 218
0 0
338 253
344 264
372 292
229 207
44 85
156 171
278 258
251 230
350 290
333 255
352 269
428 306
304 237
308 256
0 0
0 0
0 0
239 255
260 273
268 268
0 0
0 0
0 0
0 0
0 0
0 0
544 403
0 0
332 317
234 266
0 0
29 192
5 173
110 232
0 0
0 0
0 0
0 0
0 0
0 0
0 0
0 0
0 0
0 0
0 0
0 0
295 234
293 231
292 233
293 232
298 231
0 0
297 218
0 0
322 227
332 238
335 225
345 226
0 0
354 224
360 221
357 230
359 230
354 227
353 226
355 218
358 208
356 207
0 0
356 227
355 231
352 236
352 231
343 231
339 225
340 220
344 227
343 222
346 224
349 223
355 215
352 216
353 209
349 212
349 214
347 211
344 215
343 215
340 219
338 221
342 226
340 223
341 224
343 218
345 226
334 230
337 232
329 241
0 0
327 245
331 238
332 241
332 247
325 246
271 201
280 207
0 0
280 204
283 199
297 206
305 201
0 0
322 221
0 0
0 0
0 0
315 237
324 241
319 242
322 245
318 238
322 241
319 229
320 238
317 232
311 224
313 220
312 230
399 304
411 314
411 327
302 252
377 304
298 285
359 320
371 327
0 0
105 200
179 233
111 193
39 156
151 240
170 239
200 240
221 245
244 244
263 246
0 0
288 251
293 247
299 245
0 0
295 247
173 180
249 224
142 166
0 0
0 0
0 117
83 152
0 0
205 218
212 214
231 229
0 0
311 273
163 194
0 0
195 228
127 206
0 0
115 199
292 289
0 0
107 212
158 234
0 0
23 152
255 271
248 257
90 182
139 200
147 197
234 231
0 0
294 240
300 237
309 246
308 245
305 246
301 260
292 263
288 270
285 267
278 260
278 255
282 262
283 251
286 255
253 235
366 328
0 0
192 237
113 205
183 245
103 197
0 0
143 225
0 0
159 220
0 0
0 0
186 240
147 221
115 212
0 0
100 185
0 0
0 0
176 253
178 252
0 0
5 152
88 178
95 167
263 250
266 238
250 219
263 230
250 235
235 216
239 225
231 212
0 0
218 197
302 252
261 216
279 212
274 220
286 235
282 244
282 240
0 0
261 249
255 247
256 247
259 250
246 244
240 234
240 232
234 227
253 248
261 243
276 251
283 255
270 248
262 242
257 243
259 241
259 234
239 237
0 0
247 239
0 0
246 220
275 240
296 240
314 257
0 0
314 245
0 0
301 234
299 235
310 242
0 0
0 0
0 0
311 242
310 243
283 227
287 225
287 225
0 0
247 228
0 0
209 216
240 241
0 0
0 0
330 251
0 0
421 240
446 216
0 0
0 0
0 0
0 0
0 0
0 0
451 166
0 0
418 193
0 0
0 0
0 0
0 0
0 0
465 191
393 244
394 237
401 222
396 210
396 204
385 210
305 270
0 0
362 214
355 224
346 235
358 241
360 238
373 234
384 237
381 232
401 237
0 0
0 0
409 236
401 229
0 0
392 226
372 222
377 225
374 231
370 217
351 244
351 239
339 234
0 0
291 267
291 266
0 0
261 248
257 241
254 233
262 230
266 214
272 198
0 0
304 213
307 214
300 252
281 269
262 255
285 288
143 222
255 280
0 0
0 0
191 222
178 220
0 0
0 0
327 293
172 205
245 243
199 220
112 186
0 0
264 270
241 267
158 238
307 317
50 220
0 0
450 392
0 0
0 0
0 0
0 0
0 0
447 465
0 0
0 0
0 0
0 0
0 0
0 0
0 0
0 0
0 0
0 0
0 0
0 0
0 0
0 0
246 225
251 231
249 234
245 237
249 229
252 224
251 239
261 244
193 178
175 174
279 235
273 253
286 255
290 263
0 0
195 209
189 234
177 221
263 265
82 162
0 0
232 242
326 298
162 192
246 233
185 182
358 277
0 0
395 288
260 205
307 223
0 0
0 0
422 296
0 0
0 0
0 0
395 293
373 294
0 0
268 231
0 0
285 245
0 0
289 248
290 250
0 0
585 416
178 216
0 0
110 192
0 0
0 0
252 238
259 236
241 231
0 0
0 0
1 187
0 0
0 0
27 193
109 220
0 0
0 0
140 261
0 0
0 0
0 0
101 225
120 225
157 223
186 223
0 0
250 221
269 218
284 221
300 222
308 225
312 226
313 228
0 0
300 241
298 237
0 0
292 247
295 247
298 238
300 230
303 219
301 218
305 211
326 231
323 225
326 225
327 226
324 230
330 210
334 222
339 227
0 0
336 228
337 230
344 226
348 227
352 214
356 209
352 216
352 208
348 217
344 217
343 218
342 217
343 217
342 231
342 228
339 231
340 226
339 222
342 216
340 216
339 217
342 225
344 221
348 214
351 222
348 220
348 213
347 213
347 219
339 214
342 221
336 222
332 221
330 221
333 219
337 217
334 217
0 0
339 217
329 223
317 240
314 232
317 238
0 0
315 243
309 225
303 214
286 217
279 209
278 211
282 210
291 206
301 211
310 205
318 210
323 215
315 228
314 227
0 0
308 233
304 235
305 235
306 236
306 239
304 238
301 237
302 236
301 229
298 234
299 229
297 226
298 223
280 212
267 200
261 199
232 213
228 199
0 0
173 220
175 206
175 225
190 218
201 210
229 225
247 243
259 233
277 233
285 238
288 245
293 247
292 244
287 249
285 248
282 253
280 248
282 248
283 248
273 247
258 231
243 223
244 233
248 225
0 0
258 247
238 232
258 239
185 182
88 116
231 218
313 266
374 304
337 289
0 0
331 294
319 307
56 177
31 162
98 203
95 198
256 266
220 236
326 281
119 166
249 234
0 0
357 284
262 228
166 171
252 217
236 204
319 240
314 243
309 245
307 244
302 255
298 261
296 266
283 267
283 263
273 252
299 269
325 277
116 142
279 254
0 0
0 0
0 0
0 0
12 184
30 194
0 184
0 0
0 0
0 0
10 166
86 240
88 240
184 328
0 0
369 445
5 152
194 302
170 272
117 233
108 207
136 221
232 304
126 210
142 227
0 0
173 210
196 207
223 206
246 211
258 212
267 220
264 214
258 212
254 203
252 195
273 203
280 201
282 200
286 211
282 217
0 0
272 226
274 244
254 230
252 243
257 247
0 0
0 0
0 0
254 235
13 77
327 270
335 280
146 159
343 288
251 235
0 0
301 270
254 217
246 214
0 0
0 0
280 232
271 226
309 261
307 254
0 0
377 279
144 115
259 200
333 262
0 0
431 308
444 306
414 282
322 240
238 179
240 202
154 132
0 0
332 252
0 0
0 0
411 312
0 0
287 234
255 227
307 290
328 300
326 277
0 0
365 254
380 253
0 0
472 167
430 221
441 214
441 182
436 182
0 0
380 226
375 219
0 0
424 161
0 0
0 0
0 0
0 0
0 0
464 197
409 244
554 138
437 207
440 196
386 212
337 241
371 207
310 255
363 212
356 221
437 159
353 235
357 235
513 120
377 224
379 224
389 224
400 228
398 234
410 230
400 230
393 230
394 232
387 225
377 225
372 227
369 226
0 0
334 247
0 0
327 234
324 235
287 264
277 267
265 253
251 244
260 238
265 227
278 214
282 206
294 195
302 194
314 206
314 214
304 198
144 209
0 0
285 305
208 255
232 255
252 253
264 250
277 258
290 261
288 254
286 268
275 275
98 164
117 175
35 132
0 0
111 214
223 288
13 188
499 463
49 243
0 0
41 258
0 0
0 0
0 0
0 0
0 0
0 0
0 0
0 0
0 0
311 217
313 217
309 212
313 218
316 224
315 220
315 224
316 225
313 216
313 207
325 227
327 227
0 0
328 230
0 0
332 221
332 227
335 227
343 216
346 217
347 211
352 216
349 218
347 208
347 213
342 219
349 230
347 232
345 234
349 229
348 228
346 221
343 223
340 222
344 225
344 223
345 209
342 219
342 212
345 215
346 208
345 212
343 209
344 214
343 225
340 227
339 226
337 223
339 219
337 218
334 222
327 234
324 233
317 240
323 236
326 238
326 237
324 232
314 232
296 214
285 218
281 217
284 212
289 211
294 206
313 209
321 216
327 218
323 227
321 233
315 237
317 234
315 239
320 239
316 239
316 241
320 239
320 235
319 239
319 234
314 235
312 224
293 216
283 206
273 200
247 199
269 229
291 269
225 231
0 0
186 227
199 234
32 138
200 222
208 227
218 215
239 239
256 243
273 246
282 258
289 236
293 242
289 248
287 244
291 239
287 245
289 247
288 249
290 248
193 191
229 218
312 275
241 241
0 0
236 247
267 257
208 213
114 154
64 125
378 307
349 287
342 283
333 289
169 203
0 0
246 253
189 223
162 221
211 255
274 290
60 200
0 0
221 238
237 234
198 208
236 221
264 232
277 222
291 237
304 249
308 239
0 0
0 0
317 247
315 248
314 257
311 266
304 272
301 269
337 261
336 257
0 0
328 267
224 221
217 217
209 221
229 251
209 265
196 243
180 227
172 254
163 222
0 0
227 229
347 304
244 240
287 269
0 0
0 0
340 312
0 0
141 223
259 287
0 0
205 253
146 211
0 0
0 0
0 0
204 248
80 184
119 204
168 221
291 300
179 196
228 219
171 165
0 0
154 152
87 92
298 260
0 0
389 307
293 236
282 244
327 283
0 0
0 0
85 169
203 257
84 143
209 214
260 244
317 265
331 266
396 299
365 284
339 278
330 271
95 122
271 230
344 267
333 252
287 219
171 129
318 241
0 0
0 0
290 226
318 253
60 41
206 125
312 212
417 308
428 311
427 319
415 339
330 297
213 196
250 242
0 0
254 219
0 0
247 184
0 0
0 0
0 0
0 0
0 0
0 0
0 0
0 0
0 0
0 0
0 0
0 0
0 0
0 0
0 0
0 0
0 0
0 0
0 0
0 0
0 0
0 0
0 0
0 0
0 0
227 85
0 0
0 0
0 0
0 0
0 0
0 0
0 0
0 0
0 0
0 0
0 0
0 0
0 0
0 0
270 247
0 0
271 250
267 240
273 251
292 279
272 245
274 250
0 0
285 249
293 242
300 236
304 242
302 228
307 218
308 217
316 229
0 0
324 229
330 229
332 221
335 223
336 227
335 223
346 226
348 224
347 221
0 0
0 0
348 232
344 230
359 216
354 217
356 221
349 213
345 211
344 222
339 217
340 224
336 225
0 0
342 234
344 239
344 238
339 228
344 228
345 229
340 217
342 218
342 218
345 225
342 215
348 219
343 210
345 216
343 217
347 215
341 214
340 216
337 225
338 214
340 219
337 217
339 216
343 212
338 221
318 236
316 236
313 234
319 236
317 229
309 215
298 213
283 213
283 212
281 216
289 212
294 206
305 211
313 202
319 221
322 225
312 231
309 231
306 233
306 240
304 239
305 237
0 0
304 244
0 0
303 236
301 238
302 233
296 227
298 232
295 229
284 214
268 200
252 195
248 206
241 206
222 222
174 223
186 227
188 203
0 0
202 213
218 223
233 238
256 242
265 240
276 239
272 233
277 231
277 234
278 242
282 244
283 245
284 252
285 245
283 239
276 241
259 227
250 225
240 237
248 242
250 232
194 196
185 181
0 0
0 0
190 201
274 244
320 272
344 288
256 226
224 216
364 312
219 237
0 0
348 308
242 266
323 309
48 154
51 148
174 204
153 176
0 0
316 240
331 253
216 199
154 166
344 267
180 174
358 263
319 242
314 239
308 250
301 265
297 262
292 267
285 260
280 255
353 299
250 233
213 217
321 286
326 281
380 330
333 301
228 251
169 229
319 309
0 0
65 181
116 225
199 264
0 0
0 0
278 317
0 0
91 254
34 223
147 273
95 249
172 293
116 253
186 293
115 231
0 0
0 0
127 233
0 0
157 229
169 207
192 219
200 219
208 219
248 247
255 250
219 201
215 203
213 203
227 204
246 208
256 204
267 206
273 211
286 223
286 225
0 0
276 230
260 232
254 233
254 235
252 238
257 245
243 235
248 237
196 202
112 132
255 247
261 246
280 248
329 259
299 231
290 229
301 243
274 236
300 247
281 224
282 227
286 230
0 0
284 224
329 255
294 224
149 129
189 152
326 259
363 261
313 217
434 310
393 266
602 420
350 255
283 234
252 233
251 234
264 237
281 236
307 238
322 240
330 235
331 234
331 228
337 230
345 213
370 221
382 233
397 251
421 231
379 282
0 0
0 0
404 203
390 238
0 0
0 0
0 0
0 0
0 0
0 0
0 0
352 356
341 367
0 0
0 0
0 0
0 0
0 0
0 0
0 0
0 0
0 0
0 0
0 0
0 0
0 0
0 0
0 0
322 238
328 245
325 248
324 244
325 249
328 246
326 252
338 242
341 240
348 235
352 232
355 226
360 228
359 227
363 223
362 236
364 237
361 228
0 0
444 150
0 0
314 237
311 220
264 274
264 271
258 260
249 249
256 246
260 240
260 224
266 211
278 200
281 194
293 194
300 209
299 203
0 0
183 225
176 245
171 241
189 252
215 257
235 254
258 253
280 255
290 252
288 254
295 260
280 262
0 0
119 172
168 202
210 233
239 251
286 283
0 0
0 0
337 298
0 0
316 295
304 283
0 0
0 0
0 0
0 0
23 193
0 0
150 272
0 0
0 0
0 0
0 0
0 0
0 0
0 0
0 0
0 0
0 0
90 315
0 0
224 137
230 127
226 131
231 124
240 123
0 0
184 243
190 247
216 219
211 257
0 0
228 261
272 213
310 162
0 0
297 221
297 229
290 238
285 247
284 248
0 0
280 247
277 245
278 250
262 256
247 229
228 210
228 205
237 213
253 228
0 0
0 0
0 0
268 280
0 0
240 273
18 103
0 0
0 0
203 240
120 176
270 285
323 317
88 141
307 320
190 216
211 221
239 232
259 227
278 227
289 223
295 237
302 219
306 223
314 217
314 223
309 228
310 226
309 231
305 228
297 234
296 239
294 241
293 250
298 241
299 231
301 222
299 217
304 220
320 233
324 228
324 217
325 209
332 219
338 229
341 229
0 0
343 228
342 227
0 0
0 0
354 207
354 205
311 253
0 0
347 216
341 222
338 219
340 226
339 228
344 227
343 228
345 234
344 222
340 220
342 222
341 224
338 222
340 221
335 221
341 228
339 215
344 217
345 213
348 214
0 0
345 212
348 211
341 219
336 223
334 228
336 223
335 219
332 219
335 219
333 218
323 239
320 236
317 245
318 239
321 234
321 236
316 238
308 233
301 228
279 218
275 213
279 210
283 209
296 207
307 200
320 218
325 225
322 236
319 229
312 240
316 235
311 241
316 235
314 232
314 239
317 235
317 241
319 231
311 234
0 0
307 223
0 0
293 211
306 236
247 214
269 219
240 232
223 227
212 217
175 222
167 225
176 224
184 217
202 217
0 0
255 237
263 241
279 243
274 243
275 241
272 243
0 0
0 0
277 248
276 247
0 0
0 0
278 250
259 242
247 230
237 226
242 221
238 233
249 249
176 205
154 180
81 130
196 193
270 253
320 273
231 222
300 268
392 331
264 268
67 179
248 284
158 232
122 231
118 234
48 213
36 190
0 0
66 189
173 243
150 226
160 205
198 218
210 235
236 233
255 232
277 240
291 250
301 243
305 246
305 257
295 262
289 261
279 264
277 258
278 253
279 264
286 259
277 265
232 218
221 206
227 214
222 251
201 241
0 0
168 217
138 188
0 0
133 176
195 210
145 173
315 296
0 0
169 226
205 248
140 231
0 0
53 155
244 263
66 152
213 240
232 241
0 0
164 200
226 245
242 249
266 255
124 150
87 120
0 0
253 222
253 227
234 213
250 215
233 207
246 209
258 215
270 219
277 220
290 234
298 244
303 240
299 244
277 241
269 243
256 239
251 251
249 252
242 239
245 231
222 224
226 227
251 251
266 257
267 258
255 244
244 237
235 234
243 237
228 225
238 233
0 0
0 0
249 232
268 233
0 0
299 235
312 238
324 245
326 242
0 0
309 227
0 0
314 238
308 237
316 249
318 258
311 255
297 239
293 230
289 227
294 227
0 0
320 239
322 238
0 0
244 201
216 179
24 27
238 184
321 233
0 0
464 283
477 271
0 0
0 0
586 449
448 236
0 0
0 0
0 0
0 0
0 0
0 0
0 0
0 0
0 0
355 341
363 340
429 256
430 259
400 278
0 0
0 0
0 0
0 0
0 0
0 0
0 0
0 0
328 241
331 241
334 238
333 234
336 235
338 239
339 236
344 240
349 242
357 242
0 0
366 238
0 0
378 228
381 227
0 0
381 226
377 229
378 227
375 230
366 220
358 221
335 238
335 234
323 234
307 250
279 261
283 275
257 254
256 244
258 234
263 224
264 207
275 193
290 197
301 205
315 208
305 202
396 329
293 300
156 241
0 0
107 201
40 136
0 0
274 248
284 257
0 0
340 291
327 290
102 168
169 214
214 232
107 187
78 155
278 285
521 400
0 0
0 0
258 287
0 0
0 0
0 0
0 0
0 0
0 0
0 0
148 299
0 0
0 0
0 0
242 278
258 292
219 270
196 249
164 231
166 208
144 188
124 159
155 165
67 90
122 128
55 62
197 174
200 173
202 171
71 88
64 86
290 272
190 222
132 207
0 0
111 186
0 0
241 230
0 0
258 223
366 271
400 285
0 0
334 259
348 271
353 273
288 237
0 0
299 254
258 232
277 245
212 202
414 312
437 320
366 289
265 238
261 224
251 239
0 0
0 0
0 0
267 273
0 0
0 0
0 0
371 335
27 95
437 390
363 355
460 400
325 335
37 169
160 235
324 323
153 241
125 234
52 179
36 158
216 263
0 0
103 182
70 161
58 130
335 296
0 0
352 275
0 0
0 0
0 0
0 0
395 282
305 220
305 227
306 226
301 224
304 233
293 234
291 239
290 245
292 251
293 241
294 230
298 217
296 219
303 217
317 230
325 231
329 227
326 225
329 220
329 215
0 0
342 218
348 231
346 225
349 225
349 225
0 0
345 223
343 219
344 213
341 207
343 216
339 205
341 217
346 213
347 212
0 0
348 230
347 230
345 229
0 0
339 229
337 221
339 217
340 213
342 220
345 224
345 219
344 209
347 222
345 209
343 210
346 203
347 216
350 215
344 215
346 221
339 222
338 214
337 225
335 221
0 0
340 214
342 210
339 225
332 236
329 235
327 238
330 233
326 241
328 242
328 236
326 246
282 218
283 213
283 218
0 0
0 0
282 197
0 0
327 223
0 0
0 0
329 237
0 0
0 0
325 237
324 237
323 240
0 0
327 233
326 237
319 239
325 233
316 229
308 230
300 235
296 245
381 298
354 285
394 324
0 0
291 291
202 248
182 242
284 297
72 183
285 289
0 0
0 0
0 0
222 243
254 242
252 248
272 254
272 249
285 249
286 247
0 0
298 248
178 189
169 188
280 254
220 227
345 286
270 240
270 249
284 258
274 246
202 219
299 273
192 214
218 240
325 300
167 213
114 196
27 164
0 0
0 0
276 280
186 254
329 315
149 225
154 221
227 249
225 238
124 169
279 241
257 239
55 124
252 224
313 257
0 0
290 241
315 249
311 247
317 255
311 248
306 260
301 260
295 267
288 265
225 220
254 239
177 188
270 225
282 212
313 249
242 238
315 277
252 248
173 230
95 192
135 217
373 322
172 236
0 0
0 0
0 0
0 0
186 261
0 0
180 251
99 211
120 234
0 0
23 202
0 0
198 288
0 0
0 0
111 243
119 253
100 241
271 199
0 0
286 216
283 221
277 219
279 228
269 226
262 232
100 131
0 0
262 237
268 222
332 260
277 223
273 234
0 0
190 207
256 247
322 285
196 218
319 296
205 227
0 0
202 216
237 232
315 269
281 235
0 0
291 226
347 261
278 214
0 0
216 179
215 185
0 0
346 260
0 0
337 240
361 263
303 221
408 306
328 245
0 0
287 209
348 252
0 0
307 249
248 198
0 0
0 0
0 0
0 0
364 250
356 255
448 164
530 75
331 310
0 0
332 295
303 317
307 296
332 285
0 0
0 0
0 0
0 0
0 0
0 0
0 0
0 0
0 0
0 0
0 0
512 216
589 129
469 203
438 192
408 199
388 191
0 0
353 224
346 230
0 0
353 239
360 234
0 0
375 234
0 0
392 240
416 228
414 234
404 227
401 220
389 218
382 229
380 224
379 228
371 232
361 229
352 234
340 238
318 255
307 257
288 256
282 267
256 243
259 239
266 231
280 236
268 203
0 0
292 208
304 229
0 0
0 0
0 0
151 216
233 259
194 251
162 240
205 254
194 243
120 174
0 0
258 242
0 0
226 225
236 228
275 254
246 244
240 242
236 244
0 0
261 265
229 259
180 244
239 273
0 0
0 0
0 0
0 0
0 0
0 0
0 0
0 0
81 260
0 0
0 0
0 0
0 0
0 0
0 0
0 0
0 0
0 0
0 0
0 0
0 0
0 0
0 0
0 0
0 0
0 0
0 0
0 0
0 0
0 0
0 0
0 0
0 0
0 0
0 0
0 0
0 0
0 0
0 0
0 0
0 0
0 0
0 0
0 0
0 0
0 0
0 0
0 0
0 0
0 0
0 0
0 0
0 0
0 0
0 0
399 478
0 0
0 0
0 0
0 0
0 0
0 0
0 0
0 0
0 0
0 0
0 0
94 254
114 244
0 0
110 260
102 240
69 223
64 238
0 0
71 224
71 235
95 226
52 192
0 0
0 0
9 171
0 0
0 0
0 0
0 0
48 212
0 0
37 191
126 204
70 171
153 216
352 310
0 0
196 223
173 202
237 246
211 229
145 204
220 234
264 259
242 247
201 225
62 167
0 0
210 236
221 237
228 240
226 231
183 213
128 185
198 222
210 224
237 240
0 0
98 178
0 0
188 215
231 234
0 0
0 0
594 430
294 232
0 0
0 0
56 158
340 297
235 239
119 179
278 261
51 144
0 0
0 0
0 0
0 0
135 254
125 234
127 224
114 219
103 222
101 239
120 229
131 231
135 227
142 222
147 222
0 0
157 229
166 222
175 231
186 228
191 228
202 228
210 229
0 0
70 128
24 93
51 107
14 76
39 98
60 102
69 120
143 170
259 250
125 158
205 214
163 182
7 64
171 205
183 211
172 206
175 214
169 215
244 253
247 257
169 216
207 230
108 160
87 145
175 195
256 240
270 246
260 228
344 275
250 219
0 0
224 211
220 214
253 239
219 218
0 0
245 221
186 188
124 145
252 224
295 233
205 147
0 0
0 0
0 0
0 0
0 0
0 0
0 0
308 252
609 425
0 0
364 310
0 0
323 314
179 226
0 0
0 0
91 187
428 387
0 0
0 0
0 0
112 278
0 0
54 225
168 280
116 227
127 232
212 286
119 212
147 219
171 224
202 222
230 222
250 226
270 219
283 222
297 217
305 215
312 221
312 222
313 229
313 228
309 229
306 224
298 226
295 244
292 255
293 243
291 243
299 231
298 218
304 210
317 229
331 246
330 231
335 223
0 0
331 217
336 216
339 221
344 226
345 232
343 233
340 225
342 233
0 0
0 0
350 217
353 210
351 220
348 216
343 216
0 0
341 220
341 211
347 232
0 0
347 224
344 227
345 225
344 222
344 221
338 222
0 0
335 222
341 216
0 0
351 213
352 212
351 214
352 209
350 218
345 214
340 226
340 219
335 222
337 224
338 215
339 215
338 215
326 224
324 234
320 240
319 233
321 230
322 239
325 239
312 237
289 218
286 210
278 214
286 213
285 215
296 209
305 210
313 218
320 222
0 0
314 231
311 232
305 237
303 235
304 237
306 236
303 241
302 240
300 242
302 241
305 239
305 233
301 230
0 0
297 234
291 226
280 224
255 209
246 204
234 216
203 164
170 214
180 222
179 222
196 219
215 219
221 230
0 0
243 242
256 243
273 246
277 243
275 239
277 241
280 243
282 241
284 243
284 244
287 249
288 252
0 0
251 233
254 225
0 0
262 243
261 246
157 172
278 255
275 251
314 287
242 237
85 134
248 248
150 172
10 117
179 197
0 0
212 223
209 225
0 0
242 259
77 188
260 264
141 202
281 269
88 168
278 261
0 0
0 0
314 264
0 0
259 233
247 240
246 247
247 246
248 243
271 251
280 247
291 254
298 256
305 261
302 260
301 261
293 258
0 0
275 263
242 234
0 0
0 0
0 0
0 0
0 0
104 257
0 0
0 0
0 0
0 0
0 0
0 0
0 0
0 0
0 0
0 0
0 0
0 0
0 0
0 0
0 0
0 0
